0, -0.157 -0.139;
1, -0.153 -0.070;
2, -0.146 -0.000;
3, -0.136 0.065;
4, -0.121 0.129;
5, -0.098 0.183;
6, -0.068 0.227;
7, -0.032 0.259;
8, 0.005 0.267;
9, 0.043 0.255;
10, 0.075 0.217;
11, 0.103 0.171;
12, 0.124 0.113;
13, 0.136 0.051;
14, 0.144 -0.013;
15, 0.149 -0.079;
16, 0.151 -0.147;
17, -0.134 -0.169;
18, -0.117 -0.204;
19, -0.088 -0.214;
20, -0.057 -0.207;
21, -0.028 -0.191;
22, 0.024 -0.193;
23, 0.052 -0.213;
24, 0.081 -0.220;
25, 0.111 -0.214;
26, 0.130 -0.180;
27, -0.002 -0.146;
28, -0.001 -0.097;
29, -0.001 -0.049;
30, 0.001 -0.001;
31, -0.032 0.027;
32, -0.016 0.035;
33, 0.001 0.041;
34, 0.018 0.034;
35, 0.034 0.024;
36, -0.101 -0.134;
37, -0.084 -0.154;
38, -0.061 -0.154;
39, -0.040 -0.128;
40, -0.062 -0.121;
41, -0.085 -0.121;
42, 0.038 -0.130;
43, 0.058 -0.157;
44, 0.080 -0.158;
45, 0.098 -0.139;
46, 0.082 -0.125;
47, 0.059 -0.124;
48, -0.056 0.111;
49, -0.033 0.100;
50, -0.013 0.092;
51, 0.001 0.098;
52, 0.015 0.091;
53, 0.035 0.098;
54, 0.058 0.107;
55, 0.035 0.133;
56, 0.017 0.143;
57, 0.002 0.145;
58, -0.013 0.142;
59, -0.033 0.134;
60, -0.047 0.114;
61, -0.013 0.111;
62, 0.001 0.113;
63, 0.016 0.109;
64, 0.048 0.110;
65, 0.016 0.112;
66, 0.001 0.116;
67, -0.013 0.113;